0.73038002217663766658 0.42694996398539952764 1.413977571928 0.162424705687
0.48189125311043207178 2.51086338299228373216 1.164333264125 0.583773067143
0.73802446683192868271 6.60170312672478853955 1.168744406302 0.577773297034
0.91867052727072417984 6.36073888743912174704 1.146744774451 0.598390449053
0.25769536248509489207 5.70354557811088636043 1.190409222740 0.572836170050
0.94648933430322967908 3.05555075340013093665 1.162392223901 0.592808504773
0.32048359973006246282 6.70750051673610414582 1.198344398937 0.562707090470
0.50707194393840671065 8.44391116493014948219 1.183142341956 0.570747983770
0.87770425464141532679 9.51023548857509837262 1.175651612261 0.570437448664
0.66912410622814599837 0.76186890376775462386 1.426786075703 0.142376899516
0.60630248789792939856 0.65456427181660181702 1.427315742744 0.139884264527
0.18133382229207373193 5.22994446364821907736 1.158928608142 0.600043208457
0.43480447285377205047 2.06998169014502675367 1.182782919370 0.568535392201
0.29990729284460337922 3.15467581386589568382 1.148419457702 0.597507685202
0.56126081919941239740 4.21680268077486175571 1.148490420403 0.596672991062
0.99904586465724021238 7.50846374640409486290 1.153644647903 0.592409759333
0.86163913106824585597 1.32960240678029828487 1.358509319654 0.314625145005
0.38467264522851329911 4.90258161415049009690 1.158300923737 0.591168984951
0.14138758606735624124 8.14652103981485353756 1.208844616298 0.570804162455
0.00052578567580402469 4.03617337584172197751 1.513684416801 0.429535317514
0.04683131257259481872 5.92119366788657153222 1.278299634950 0.542049449698
0.81571432412035349557 1.64580518946518683521 1.294675547858 0.434391753108
0.57935762981397387339 2.10386111525009367185 1.206250535685 0.545524993158
0.65247219306139825346 3.52544887702657572248 1.147504693953 0.598218704382
0.33775942246202117492 9.92990349574264996591 1.207538034010 0.557896702027
0.10508731877671612098 7.03775328261419286235 1.282072057768 0.526584103927
0.78421273715239570024 8.90858055673283288911 1.148094051431 0.597199050943
0.08048312321716882822 4.68279137852754256954 1.232793685712 0.555488941610
0.21184631146647758815 7.99964565937560578845 1.216231525719 0.556088783588
0.42851325739130891046 9.30697638157496598410 1.177617154958 0.577780691299
0.91867052727072417984 3.13964162405844060544 1.167883454414 0.585543363227
0.48189125311043207178 6.90502344991740724112 1.196731976504 0.559344981696
0.65080989506848940795 4.47021971051669719799 1.147670978780 0.597400626234
0.73038002217663766658 7.14123472868554642901 1.171671142292 0.575663455172
0.96404801345660451339 5.15972096653378553555 1.161216779028 0.584784177329
0.94648933430322967908 8.59110732889301687010 1.178793623996 0.567373087963
0.76537699578240236953 8.56443091761143904250 1.157597149556 0.588154061014
0.50707194393840671065 5.48770327319499706675 1.163998196178 0.584686725916
0.40955656173727966740 9.51023548857509837262 1.196030006182 0.563786298277
0.54769962353787504661 7.70284623298426929239 1.153500266263 0.595605442234
0.93249610268129035084 8.01754710770636513928 1.176630643748 0.569483972425
0.95319030431133477954 9.82872708080083157256 1.164745337878 0.580876844571
0.54233233702268657250 2.06998169014502675367 1.197600191444 0.557285510323
0.06239538847628828266 7.68194247096550064668 1.288644323970 0.532128297842
0.31619267915266840996 8.07284057519720832374 1.207587576271 0.557155850756
0.99904586465724021238 6.56320853087560429628 1.151070944331 0.594540637709
0.76404878101801765311 4.95651659856772397461 1.141357187221 0.603560898982
0.70433580565651787708 7.15145451123594977361 1.161489666888 0.585355946486
0.14138758606735624124 6.14459028111636662572 1.240212104940 0.550522955303
0.89389332111571118133 4.03617337584172197751 1.155615552502 0.591973231881
0.69471020901399882508 8.77141038277011908519 1.187536920950 0.562727227964
0.87786887847133665552 4.98319300984930269038 1.160449723349 0.585168190524
0.79603871848155471902 2.10386111525009367185 1.225286889109 0.527831997821
0.38305619236598809074 1.57800579593611933760 1.251080151395 0.491109702356
0.98493704309830543142 9.92990349574264996591 1.182892132101 0.563336920153
0.54188000934275859510 7.03775328261419286235 1.168610752193 0.582041878017
0.07633313813701220196 9.37909227554249014247 1.355671145756 0.489020424585
0.64334657665337735555 6.69168756892828131555 1.165991086385 0.580898994697
0.56579974115082465325 9.45714262241513381468 1.162709272554 0.587618928243
0.22764595217092820079 9.30697638157496598410 1.232361365979 0.552166976142
0.67147871489214772112 4.17706918245879865736 1.137714016794 0.607142528216
0.71613633243887298008 3.12970674279129479345 1.153508380393 0.595358718650
0.65080989506848940795 3.39762176634987422830 1.152038766725 0.593846795950
0.47551687869877717896 4.79833577376863384956 1.189754042626 0.560879202115
0.96404801345660451339 8.35634172847487732838 1.143049957524 0.602201424107
0.94648933430322967908 4.88711011142939089069 1.152430862005 0.594038265355
0.76537699578240236953 9.67186610763364740251 1.203523681471 0.546932129247
0.54192248571544243685 2.41745193062278573848 1.181854366153 0.567109314980
0.27766510030016522403 9.51023548857509837262 1.223944252250 0.552619982368
0.91515122608887056188 4.52063291197316807768 1.158078428850 0.588294571373
0.28795414828003595975 8.52079293868050768879 1.201990530780 0.563880205144
0.72608964205622672505 7.11845497928901682627 1.175961495506 0.571574413762
0.45637156197951356251 2.06998169014502675367 1.201168271133 0.547671807246
0.29990729284460337922 0.90581279489625110557 1.380973684291 0.265641468638
0.91949800370108336622 5.38170692835668429410 1.144827978284 0.600722688938
0.17463991030099773605 1.14546679271944995548 1.285150600210 0.442519555889
0.55875795881556822309 3.33165909642068669427 1.148007277476 0.597303356598
0.94343897488069505819 5.66655752753831620794 1.156281478916 0.589286256151
0.50491274392956086992 3.45489100685946981528 1.148278832231 0.596662759082
0.73103509190167392795 4.03617337584172197751 1.139037089989 0.606336471078
0.69471020901399882508 5.99315477936763407740 1.158178154645 0.587826757600
0.87786887847133665552 1.50842164739079054314 1.321106354962 0.389535236224
0.71205845936462197621 2.10386111525009367185 1.223682439727 0.528268550931
0.52787226071787729520 3.52544887702657572248 1.152053989809 0.593194603951
0.93814348065943242716 2.71422910658612126511 1.189806700539 0.566088286008
0.65595598388400866430 3.89345187376396051349 1.157316355131 0.588193154897
0.67325813415002089268 5.85233098291232245458 1.168071442792 0.579271451545
0.82665088489328952814 6.69168756892828131555 1.159976699709 0.585879672590
0.76919634925192925667 2.46681863338755746895 1.192971922938 0.560082672964
0.72925567264380064536 5.31838740146297084266 1.161624903452 0.584456149814
0.67147871489214772112 0.39734960422865039931 1.414475561033 0.161767819373
0.60872876414362719899 1.04618206734002860969 1.379627099148 0.266637242258
0.54653603170328224348 4.51692720385057633337 1.173456139934 0.574101003556
0.99272423175314061794 7.14123472868554642901 1.156903158425 0.589011814957
0.63083981043102355102 3.38691511919189069957 1.142172362329 0.603869746394
0.74621372039551592259 2.76091500493732500132 1.164846269029 0.587528547572
0.68648117208945413914 3.90215989083292846828 1.163675783492 0.582412644385
0.93019842745096392722 7.18394648644020783479 1.153395210291 0.591990183150
0.53035365472793505326 0.90118644960611149486 1.401081544278 0.216565189347
0.79784399961455809702 3.38602111512000281124 1.174057879809 0.573459503905
0.67788621037942531355 4.63462857256641846959 1.132642000634 0.611271791522
0.64746111758226809751 3.10835692983281930424 1.155695804869 0.591448563593
0.87106532615715337453 2.06998169014502675367 1.233194647911 0.519619018992
0.52063801056379488408 3.15467581386589568382 1.147630053511 0.598036591794
0.61404672995919151735 3.43513496500533399569 1.140077314482 0.605300157129
0.75823247348134503731 4.65345960511164946638 1.136380547920 0.608190308091
0.83312813806713847953 7.66592574147540339879 1.153401096279 0.592186162972
0.80934611933705802311 5.30480589172098593309 1.151861421659 0.593430473008
0.64733969823695824974 2.63910934693344190194 1.177068435240 0.572669209392
0.65448812143484969006 3.78768858901419935847 1.145677370134 0.599485820219
0.51640050156787831170 5.99315477936763407740 1.171439536576 0.579886831791
0.61722680909556348894 4.64560947516339162178 1.147306123720 0.597747436803
0.57935762981397387339 6.47150382539538604476 1.160459391117 0.587770864615
0.75451636487518147778 3.52544887702657572248 1.161723925088 0.585306962099
0.68616731383550544354 9.92990349574264996591 1.155948212659 0.591387707440
0.65595598388400866430 2.27350872281200055980 1.204294146049 0.546247585349
0.83317735034838391606 6.14298584479883835741 1.155260444651 0.590162818070
0.75990344592402903068 4.67384640301420439812 1.149574442840 0.595916925869
0.65745232295388678079 4.05930256070673500801 1.142991208877 0.601787404002
0.66242382106868469283 5.45370833423800682738 1.147034817055 0.598269308525
0.67788621037942531355 4.63462857256641846959 1.139572318893 0.604858350495
0.67788622037942536380 4.63462857256641846959 1.151518338486 0.593667136490
0.67788621037942531355 4.63462858256641840882 1.143070680075 0.601587260508
0.00001000000000000000 0.10000000000000000555 1.414544490100 0.222591530477
0.00001001000000000000 0.10000000000000000555 1.419631703623 0.213777953121
0.00001000000000000000 0.10000001000000000029 1.402370857786 0.243945933903
0.31047843630632110390 2.17686745839132633762 1.179460234651 0.566655229738
0.31047844630632109864 2.17686745839132633762 1.178024110644 0.568105204749
0.31047843630632110390 2.17686746839132627684 1.175908028579 0.570540081906
0.50926835703693906776 3.50666549626422074937 1.151135464313 0.594043244023
0.50926836703693911801 3.50666549626422074937 1.137361073655 0.606979401125
0.50926835703693906776 3.50666550626422068859 1.155189331847 0.590351368510
0.63118257053376081167 4.32220625054915696950 1.154250586093 0.591007080355
0.63118258053376086192 4.32220625054915696950 1.158249101077 0.587270374801
0.63118257053376081167 4.32220626054915690872 1.160530111010 0.585319724454
0.66907474260743204919 4.57568457525050131807 1.153973017307 0.591347444470
0.66907475260743209944 4.57568457525050131807 1.164280330140 0.581602046456
0.66907474260743204919 4.57568458525050125729 1.148850348399 0.596174844785
0.67389235201239716666 4.60791180040565429010 1.141292268262 0.603273812490
0.67389236201239721691 4.60791180040565429010 1.143605413634 0.601077258469
0.67389235201239716666 4.60791181040565422933 1.139953129228 0.604612455284
0.67642461408293808045 4.62485127661455397430 1.161184526514 0.584411071205
0.67642462408293813070 4.62485127661455397430 1.149742833652 0.595344343400
0.67642461408293808045 4.62485128661455391352 1.162666315099 0.583084733125
0.67738836523766277065 4.63129825536398076480 1.153513030255 0.591814982657
0.67738837523766282089 4.63129825536398076480 1.140347305805 0.604189915394
0.67738836523766277065 4.63129826536398070402 1.153153410955 0.592102118908
0.67768113249576000801 4.63325671142624084808 1.151597603526 0.593585348065
0.67768114249576005825 4.63325671142624084808 1.147778721411 0.597108948812
0.67768113249576000801 4.63325672142624078731 1.160872010590 0.584942035747
0.67785181506880010094 4.63439848637083429139 1.154511154734 0.590797625348
0.67785182506880015119 4.63439848637083429139 1.167874409026 0.577950755656
0.67785181506880010094 4.63439849637083423062 1.160545114633 0.585063900353
0.67788019563439105841 4.63458833714545015425 1.150085008338 0.595050059137
0.67788020563439110866 4.63458833714545015425 1.150137159118 0.594949392149
0.67788019563439105841 4.63458834714545009348 1.137733281715 0.606524269612
0.67788293265581167635 4.63460664635198060779 1.151872802232 0.593437554566
0.67788294265581172660 4.63460664635198060779 1.154476810496 0.590832802656
0.67788293265581167635 4.63460665635198054702 1.151179183734 0.593950027273
0.67788508831600802207 4.63462106656347216926 1.133140710365 0.610713113017
0.67788509831600807232 4.63462106656347216926 1.164105502862 0.581859361677
0.67788508831600802207 4.63462107656347210849 1.139794692400 0.604732985256
0.67788436169098742479 4.63461620583148370400 1.131279891204 0.612676290366
0.67788437169098747503 4.63461620583148370400 1.136939725887 0.607197017522
0.67788436169098742479 4.63461621583148364323 1.138396055272 0.606242757331
0.67788341852777145302 4.63460989657501176708 1.148946162253 0.596049957891
0.67788342852777150327 4.63460989657501176708 1.161859962944 0.583886281309
0.67788341852777145302 4.63460990657501170631 1.136773217090 0.607368109755
0.67788387739912170371 4.63461296617843565571 1.166616964549 0.579523610018
0.67788388739912175396 4.63461296617843565571 1.149436477742 0.595669547014
0.67788387739912170371 4.63461297617843559493 1.157180991851 0.588451993463
0.67788411114929936208 4.63461452984185573456 1.145475754487 0.599377423940
0.67788412114929941232 4.63461452984185573456 1.177815080489 0.568248706994
0.67788411114929936208 4.63461453984185567379 1.157611733376 0.587955140404
0.67788432574263268737 4.63461596535625552917 1.150045491899 0.595031265470
0.67788433574263273762 4.63461596535625552917 1.158871370637 0.586695292929
0.67788432574263268737 4.63461597535625546840 1.143473791062 0.601318305216
0.67788436169098742479 4.63461620583148370400 1.139789631877 0.604560080318
0.67788437169098747503 4.63461620583148370400 1.155939004117 0.589555905624
0.67788436169098742479 4.63461621583148364323 1.149849842299 0.595323791779
Best hyperparameters: [0.67788621 4.63462857]
Best rmse: 1.1326420006344768
